peaks_v = [-0.0073959166312620424, -0.0044749729172429715, -0.0015659944315204333, 0.00069978056998604328, 0.0038163776480653056, 0.0070268367629064583]
peaks_cov = [[2.6988722201432811e-10, 2.6988664756832816e-10, 2.6988607547546401e-10, 2.6988562987790582e-10, 2.6988501695383045e-10, 2.6988438557042245e-10], [2.6988664756832816e-10, 2.6988607312385141e-10, 2.6988550103250436e-10, 2.698850554361278e-10, 2.6988444251367779e-10, 2.6988381113194401e-10], [2.6988607547546401e-10, 2.6988550103250436e-10, 2.6988492894266816e-10, 2.6988448334746837e-10, 2.6988387042663699e-10, 2.698832390465707e-10], [2.6988562987790582e-10, 2.698850554361278e-10, 2.6988448334746837e-10, 2.698840377531852e-10, 2.6988342483361459e-10, 2.6988279345484703e-10], [2.6988501695383045e-10, 2.6988444251367779e-10, 2.6988387042663699e-10, 2.6988342483361459e-10, 2.6988281191577817e-10, 2.6988218053879706e-10], [2.6988438557042245e-10, 2.6988381113194401e-10, 2.698832390465707e-10, 2.6988279345484703e-10, 2.6988218053879706e-10, 2.6988154916365617e-10]]
