peaks_e = [-2.6563340903984221e-07, -1.607241361190653e-07, -5.6244609035188789e-08, 2.5133476707878322e-08, 1.3706987995970033e-07, 2.5237745328381529e-07]
peaks_cov = [[9.022904873132489e-19, 6.3780417244750651e-19, 6.3780417239284996e-19, 6.3780417235027853e-19, 6.3780417229172112e-19, 6.3780417223140012e-19], [6.3780417244750651e-19, 1.0698539480632514e-18, 6.3780417233796866e-19, 6.3780417229539723e-19, 6.3780417223683982e-19, 6.3780417217651882e-19], [6.3780417239284996e-19, 6.3780417233796866e-19, 1.1197154512760363e-18, 6.3780417224074069e-19, 6.3780417218218327e-19, 6.3780417212186228e-19], [6.3780417235027853e-19, 6.3780417229539723e-19, 6.3780417224074069e-19, 1.3032047544475365e-18, 6.3780417213961184e-19, 6.3780417207929085e-19], [6.3780417229172112e-19, 6.3780417223683982e-19, 6.3780417218218327e-19, 6.3780417213961184e-19, 9.8248658936059218e-19, 6.3780417202073343e-19], [6.3780417223140012e-19, 6.3780417217651882e-19, 6.3780417212186228e-19, 6.3780417207929085e-19, 6.3780417202073343e-19, 1.175825189606936e-18]]
peaks_s = [9.4988972376442153e-10, 1.0343374440013528e-09, 1.0581660792503396e-09, 1.1415799378263164e-09, 9.9120461528414609e-10, 1.0843547342115198e-09]
