peaks_e = [-2.6364424665194855e-07, -1.5952057363213879e-07, -5.5823428351557928e-08, 2.4945267827357595e-08, 1.3604344939618633e-07, 2.5048755645404856e-07]
peaks_cov = [[2.1983221584338203e-16, 2.1957167582107732e-16, 2.1957167579990489e-16, 2.195716757834139e-16, 2.1957167576073038e-16, 2.1957167573736368e-16], [2.1957167582107732e-16, 2.1999727910214861e-16, 2.1957167577864538e-16, 2.1957167576215439e-16, 2.1957167573947087e-16, 2.1957167571610417e-16], [2.1957167579990489e-16, 2.1957167577864538e-16, 2.2004639659594906e-16, 2.1957167574098198e-16, 2.1957167571829844e-16, 2.1957167569493176e-16], [2.195716757834139e-16, 2.1957167576215439e-16, 2.1957167574098198e-16, 2.2022714808236592e-16, 2.1957167570180745e-16, 2.1957167567844075e-16], [2.1957167576073038e-16, 2.1957167573947087e-16, 2.1957167571829844e-16, 2.1957167570180745e-16, 2.1991121520283232e-16, 2.1957167565575722e-16], [2.1957167573736368e-16, 2.1957167571610417e-16, 2.1957167569493176e-16, 2.1957167567844075e-16, 2.1957167565575722e-16, 2.2010166901446856e-16]]
peaks_s = [1.482673989261908e-08, 1.4832305252459869e-08, 1.4833960920669471e-08, 1.48400521590177e-08, 1.4829403737265782e-08, 1.4835823840099631e-08]
