peaks_e = [-3.507176276880261e-07, -1.9995271043573079e-07, -4.1517696188931801e-08, 7.7901748882972189e-08, 2.3875765216485369e-07, 4.1331582689144659e-07]
peaks_cov = [[9.1735660877941746e-17, 9.1164801037535818e-17, 9.116480103547381e-17, 9.1164801033919581e-17, 9.1164801031826068e-17, 9.1164801029554222e-17], [9.1164801037535818e-17, 9.2225158156086783e-17, 9.1164801033511629e-17, 9.1164801031957401e-17, 9.1164801029863887e-17, 9.1164801027592042e-17], [9.116480103547381e-17, 9.1164801033511629e-17, 9.2411481728931716e-17, 9.1164801029895392e-17, 9.1164801027801879e-17, 9.1164801025530033e-17], [9.1164801033919581e-17, 9.1164801031957401e-17, 9.1164801029895392e-17, 9.2664981929112026e-17, 9.116480102624765e-17, 9.1164801023975805e-17], [9.1164801031826068e-17, 9.1164801029863887e-17, 9.1164801027801879e-17, 9.116480102624765e-17, 9.1551783389740663e-17, 9.1164801021882291e-17], [9.1164801029554222e-17, 9.1164801027592042e-17, 9.1164801025530033e-17, 9.1164801023975805e-17, 9.1164801021882291e-17, 9.150638285380862e-17]]
peaks_s = [9.5778735050083925e-09, 9.6033930543369299e-09, 9.6130890835845115e-09, 9.6262652118623885e-09, 9.5682696131401246e-09, 9.5658968661494893e-09]
